2.300000
7.300000
12.300000
17.300000
22.300000
27.300000
32.300000
37.300000
42.300000
47.300000
52.300000
57.300000
62.300000
67.300000
72.300000
77.300000
82.300000
87.300000
92.300000
97.300000
102.300000
107.300000
112.300000
117.300000
122.300000
127.300000
132.300000
137.300000
142.300000
147.300000
152.300000
157.300000
162.300000
167.300000
172.300000
177.300000
182.300000
187.300000
192.300000
197.300000
202.300000
207.300000
212.300000
217.300000
222.300000
227.300000
232.300000
237.300000
242.300000
247.300000
